45 990
1 2 560
1 3 662
1 4 243
1 5 79
1 6 232
1 7 639
1 8 457
1 9 558
1 10 174
1 11 381
1 12 777
1 13 274
1 14 92
1 15 930
1 16 505
1 17 55
1 18 587
1 19 35
1 20 437
1 21 444
1 22 776
1 23 241
1 24 713
1 25 212
1 26 786
1 27 809
1 28 144
1 29 302
1 30 830
1 31 252
1 32 824
1 33 886
1 34 979
1 35 231
1 36 500
1 37 530
1 38 894
1 39 4
1 40 737
1 41 397
1 42 839
1 43 832
1 44 1
1 45 383
2 3 971
2 4 795
2 5 731
2 6 50
2 7 784
2 8 347
2 9 97
2 10 943
2 11 91
2 12 425
2 13 600
2 14 647
2 15 45
2 16 826
2 17 11
2 18 339
2 19 610
2 20 135
2 21 745
2 22 141
2 23 713
2 24 853
2 25 43
2 26 868
2 27 759
2 28 110
2 29 447
2 30 420
2 31 956
2 32 191
2 33 31
2 34 924
2 35 299
2 36 536
2 37 979
2 38 638
2 39 606
2 40 935
2 41 987
2 42 802
2 43 673
2 44 373
2 45 885
3 4 827
3 5 835
3 6 535
3 7 13
3 8 768
3 9 88
3 10 926
3 11 176
3 12 789
3 13 857
3 14 64
3 15 568
3 16 855
3 17 169
3 18 197
3 19 243
3 20 148
3 21 826
3 22 594
3 23 244
3 24 793
3 25 479
3 26 273
3 27 865
3 28 337
3 29 759
3 30 511
3 31 443
3 32 605
3 33 905
3 34 741
3 35 545
3 36 591
3 37 554
3 38 416
3 39 469
3 40 493
3 41 744
3 42 114
3 43 125
3 44 404
3 45 419
4 5 326
4 6 195
4 7 739
4 8 862
4 9 943
4 10 390
4 11 116
4 12 611
4 13 506
4 14 207
4 15 702
4 16 140
4 17 823
4 18 845
4 19 485
4 20 131
4 21 100
4 22 97
4 23 177
4 24 419
4 25 818
4 26 427
4 27 859
4 28 660
4 29 534
4 30 587
4 31 755
4 32 387
4 33 577
4 34 176
4 35 260
4 36 351
4 37 353
4 38 669
4 39 374
4 40 53
4 41 470
4 42 983
4 43 140
4 44 70
4 45 85
5 6 784
5 7 364
5 8 804
5 9 585
5 10 119
5 11 386
5 12 280
5 13 157
5 14 926
5 15 860
5 16 231
5 17 3
5 18 579
5 19 335
5 20 48
5 21 584
5 22 735
5 23 97
5 24 887
5 25 85
5 26 610
5 27 285
5 28 566
5 29 656
5 30 61
5 31 554
5 32 71
5 33 897
5 34 6
5 35 660
5 36 499
5 37 861
5 38 360
5 39 410
5 40 686
5 41 567
5 42 272
5 43 894
5 44 536
5 45 202
6 7 233
6 8 128
6 9 93
6 10 600
6 11 673
6 12 675
6 13 814
6 14 822
6 15 514
6 16 711
6 17 911
6 18 333
6 19 426
6 20 861
6 21 919
6 22 83
6 23 235
6 24 206
6 25 874
6 26 296
6 27 883
6 28 61
6 29 978
6 30 58
6 31 405
6 32 512
6 33 810
6 34 121
6 35 175
6 36 459
6 37 794
6 38 267
6 39 802
6 40 324
6 41 454
6 42 17
6 43 717
6 44 664
6 45 311
7 8 216
7 9 899
7 10 821
7 11 592
7 12 586
7 13 784
7 14 678
7 15 58
7 16 722
7 17 751
7 18 907
7 19 168
7 20 619
7 21 335
7 22 966
7 23 612
7 24 274
7 25 417
7 26 566
7 27 272
7 28 959
7 29 732
7 30 368
7 31 318
7 32 241
7 33 666
7 34 801
7 35 833
7 36 103
7 37 584
7 38 533
7 39 993
7 40 511
7 41 194
7 42 276
7 43 675
7 44 482
7 45 940
8 9 463
8 10 263
8 11 886
8 12 162
8 13 359
8 14 752
8 15 915
8 16 465
8 17 191
8 18 680
8 19 279
8 20 51
8 21 269
8 22 305
8 23 98
8 24 360
8 25 493
8 26 397
8 27 714
8 28 807
8 29 846
8 30 758
8 31 809
8 32 385
8 33 58
8 34 350
8 35 506
8 36 335
8 37 578
8 38 193
8 39 599
8 40 503
8 41 448
8 42 647
8 43 382
8 44 731
8 45 412
9 10 475
9 11 831
9 12 913
9 13 1000
9 14 926
9 15 592
9 16 332
9 17 348
9 18 668
9 19 353
9 20 881
9 21 810
9 22 821
9 23 921
9 24 947
9 25 315
9 26 590
9 27 295
9 28 456
9 29 536
9 30 870
9 31 489
9 32 994
9 33 137
9 34 129
9 35 952
9 36 991
9 37 690
9 38 152
9 39 434
9 40 578
9 41 329
9 42 63
9 43 479
9 44 751
9 45 354
10 11 846
10 12 957
10 13 419
10 14 683
10 15 377
10 16 205
10 17 649
10 18 416
10 19 176
10 20 819
10 21 862
10 22 968
10 23 424
10 24 385
10 25 878
10 26 598
10 27 519
10 28 460
10 29 124
10 30 633
10 31 452
10 32 766
10 33 191
10 34 60
10 35 197
10 36 603
10 37 599
10 38 126
10 39 814
10 40 356
10 41 276
10 42 316
10 43 409
10 44 591
10 45 439
11 12 90
11 13 289
11 14 276
11 15 495
11 16 142
11 17 29
11 18 801
11 19 342
11 20 733
11 21 44
11 22 792
11 23 314
11 24 940
11 25 955
11 26 716
11 27 404
11 28 368
11 29 40
11 30 200
11 31 940
11 32 246
11 33 491
11 34 79
11 35 251
11 36 900
11 37 959
11 38 781
11 39 55
11 40 910
11 41 622
11 42 740
11 43 347
11 44 794
11 45 498
12 13 312
12 14 380
12 15 76
12 16 333
12 17 644
12 18 197
12 19 59
12 20 242
12 21 283
12 22 956
12 23 330
12 24 297
12 25 816
12 26 955
12 27 424
12 28 935
12 29 757
12 30 743
12 31 760
12 32 291
12 33 520
12 34 477
12 35 10
12 36 611
12 37 186
12 38 56
12 39 824
12 40 637
12 41 950
12 42 100
12 43 754
12 44 502
12 45 136
13 14 23
13 15 226
13 16 463
13 17 515
13 18 586
13 19 449
13 20 394
13 21 322
13 22 764
13 23 696
13 24 241
13 25 640
13 26 407
13 27 264
13 28 432
13 29 208
13 30 681
13 31 403
13 32 750
13 33 93
13 34 269
13 35 560
13 36 912
13 37 715
13 38 415
13 39 427
13 40 238
13 41 677
13 42 36
13 43 298
13 44 588
13 45 284
14 15 216
14 16 121
14 17 491
14 18 879
14 19 29
14 20 287
14 21 189
14 22 877
14 23 339
14 24 367
14 25 292
14 26 980
14 27 98
14 28 200
14 29 3
14 30 206
14 31 817
14 32 542
14 33 755
14 34 607
14 35 347
14 36 174
14 37 360
14 38 112
14 39 485
14 40 654
14 41 834
14 42 487
14 43 722
14 44 882
14 45 109
15 16 685
15 17 543
15 18 408
15 19 857
15 20 62
15 21 399
15 22 14
15 23 754
15 24 965
15 25 479
15 26 534
15 27 33
15 28 149
15 29 475
15 30 873
15 31 25
15 32 249
15 33 832
15 34 769
15 35 115
15 36 653
15 37 680
15 38 437
15 39 706
15 40 674
15 41 225
15 42 913
15 43 568
15 44 790
15 45 310
16 17 899
16 18 32
16 19 450
16 20 76
16 21 95
16 22 73
16 23 458
16 24 414
16 25 380
16 26 241
16 27 440
16 28 730
16 29 701
16 30 232
16 31 730
16 32 938
16 33 402
16 34 825
16 35 816
16 36 260
16 37 308
16 38 820
16 39 815
16 40 299
16 41 692
16 42 31
16 43 840
16 44 659
16 45 84
17 18 672
17 19 97
17 20 488
17 21 76
17 22 140
17 23 803
17 24 72
17 25 807
17 26 612
17 27 194
17 28 364
17 29 475
17 30 683
17 31 809
17 32 924
17 33 429
17 34 225
17 35 139
17 36 888
17 37 651
17 38 979
17 39 11
17 40 119
17 41 455
17 42 344
17 43 773
17 44 940
17 45 211
18 19 125
18 20 514
18 21 876
18 22 856
18 23 531
18 24 736
18 25 169
18 26 221
18 27 676
18 28 744
18 29 402
18 30 990
18 31 497
18 32 998
18 33 537
18 34 154
18 35 263
18 36 805
18 37 499
18 38 149
18 39 477
18 40 240
18 41 924
18 42 972
18 43 447
18 44 130
18 45 56
19 20 971
19 21 806
19 22 927
19 23 67
19 24 634
19 25 694
19 26 465
19 27 210
19 28 220
19 29 751
19 30 924
19 31 776
19 32 399
19 33 173
19 34 321
19 35 258
19 36 78
19 37 512
19 38 495
19 39 75
19 40 594
19 41 205
19 42 430
19 43 561
19 44 93
19 45 514
20 21 2
20 22 478
20 23 5
20 24 366
20 25 662
20 26 864
20 27 367
20 28 503
20 29 766
20 30 745
20 31 514
20 32 849
20 33 219
20 34 359
20 35 928
20 36 438
20 37 731
20 38 221
20 39 368
20 40 121
20 41 719
20 42 577
20 43 614
20 44 282
20 45 892
21 22 628
21 23 378
21 24 693
21 25 746
21 26 37
21 27 229
21 28 482
21 29 520
21 30 718
21 31 951
21 32 534
21 33 702
21 34 653
21 35 316
21 36 793
21 37 425
21 38 684
21 39 274
21 40 951
21 41 194
21 42 786
21 43 460
21 44 471
21 45 448
22 23 824
22 24 786
22 25 391
22 26 785
22 27 405
22 28 687
22 29 101
22 30 157
22 31 179
22 32 530
22 33 415
22 34 219
22 35 575
22 36 917
22 37 877
22 38 610
22 39 108
22 40 569
22 41 890
22 42 434
22 43 721
22 44 440
22 45 214
23 24 888
23 25 583
23 26 914
23 27 766
23 28 78
23 29 428
23 30 401
23 31 715
23 32 728
23 33 306
23 34 660
23 35 423
23 36 200
23 37 528
23 38 168
23 39 947
23 40 978
23 41 488
23 42 690
23 43 788
23 44 545
23 45 640
24 25 54
24 26 633
24 27 840
24 28 841
24 29 803
24 30 215
24 31 834
24 32 467
24 33 349
24 34 325
24 35 771
24 36 135
24 37 738
24 38 216
24 39 85
24 40 979
24 41 582
24 42 216
24 43 972
24 44 98
24 45 183
25 26 25
25 27 818
25 28 609
25 29 377
25 30 12
25 31 212
25 32 883
25 33 626
25 34 739
25 35 122
25 36 462
25 37 159
25 38 592
25 39 819
25 40 900
25 41 958
25 42 822
25 43 719
25 44 523
25 45 554
26 27 631
26 28 739
26 29 614
26 30 179
26 31 540
26 32 657
26 33 929
26 34 3
26 35 368
26 36 197
26 37 312
26 38 561
26 39 686
26 40 521
26 41 785
26 42 426
26 43 414
26 44 522
26 45 501
27 28 211
27 29 244
27 30 56
27 31 419
27 32 384
27 33 745
27 34 90
27 35 718
27 36 401
27 37 720
27 38 192
27 39 850
27 40 287
27 41 282
27 42 767
27 43 594
27 44 371
27 45 35
28 29 737
28 30 805
28 31 816
28 32 26
28 33 226
28 34 493
28 35 476
28 36 221
28 37 380
28 38 431
28 39 235
28 40 611
28 41 164
28 42 381
28 43 388
28 44 792
28 45 858
29 30 103
29 31 906
29 32 596
29 33 245
29 34 45
29 35 580
29 36 396
29 37 485
29 38 239
29 39 77
29 40 712
29 41 439
29 42 854
29 43 405
29 44 747
29 45 589
30 31 880
30 32 998
30 33 735
30 34 891
30 35 743
30 36 799
30 37 958
30 38 867
30 39 619
30 40 213
30 41 258
30 42 250
30 43 715
30 44 261
30 45 150
31 32 921
31 33 456
31 34 996
31 35 194
31 36 613
31 37 235
31 38 839
31 39 67
31 40 358
31 41 314
31 42 451
31 43 624
31 44 324
31 45 383
32 33 342
32 34 846
32 35 870
32 36 912
32 37 491
32 38 621
32 39 41
32 40 136
32 41 67
32 42 642
32 43 887
32 44 925
32 45 295
33 34 763
33 35 733
33 36 120
33 37 23
33 38 198
33 39 643
33 40 184
33 41 390
33 42 258
33 43 720
33 44 935
33 45 763
34 35 523
34 36 12
34 37 187
34 38 745
34 39 666
34 40 668
34 41 479
34 42 71
34 43 819
34 44 882
34 45 263
35 36 442
35 37 998
35 38 411
35 39 743
35 40 774
35 41 23
35 42 191
35 43 925
35 44 641
35 45 598
36 37 979
36 38 331
36 39 624
36 40 576
36 41 666
36 42 262
36 43 656
36 44 796
36 45 616
37 38 857
37 39 262
37 40 230
37 41 326
37 42 803
37 43 799
37 44 223
37 45 465
38 39 596
38 40 585
38 41 635
38 42 371
38 43 260
38 44 632
38 45 193
39 40 313
39 41 869
39 42 970
39 43 559
39 44 419
39 45 892
40 41 459
40 42 188
40 43 902
40 44 812
40 45 130
41 42 772
41 43 173
41 44 290
41 45 866
42 43 552
42 44 292
42 45 522
43 44 370
43 45 731
44 45 12

