79 468
51 72 536
72 63 653
63 68 478
68 22 526
22 18 199
18 15 303
15 60 258
60 19 238
19 57 53
57 6 542
6 31 811
31 70 618
70 61 130
61 76 606
76 27 75
27 35 175
35 56 100
56 39 765
39 34 116
34 13 543
13 77 565
77 55 438
55 78 952
78 28 540
28 58 836
58 47 239
47 38 7
38 5 17
5 21 840
21 59 338
59 71 468
71 4 145
4 54 297
54 3 359
3 25 608
25 36 734
36 10 751
10 79 473
79 29 694
29 20 763
20 45 600
45 62 277
62 23 973
23 64 410
64 14 46
14 7 22
7 33 730
33 12 216
12 75 863
75 65 187
65 8 763
8 73 100
73 48 988
48 30 543
30 37 260
37 67 155
67 2 282
2 41 809
41 16 630
16 40 991
40 43 316
43 52 306
52 49 307
49 44 91
44 32 862
32 11 201
11 46 100
46 69 593
69 17 724
17 24 282
24 9 771
9 26 932
26 1 753
1 42 730
42 53 993
53 74 702
74 66 176
66 50 317
68 21 498
56 21 642
65 13 470
71 15 140
63 50 427
73 29 947
47 3 542
45 9 356
76 16 83
69 26 247
78 43 166
67 22 829
67 32 310
73 2 845
79 77 683
31 15 958
68 65 629
9 8 286
32 28 359
47 2 371
74 59 60
77 10 560
42 10 546
38 22 571
76 28 558
67 57 557
53 35 422
69 53 778
65 44 284
63 12 858
8 2 426
18 6 239
44 25 938
25 2 136
57 52 473
65 40 295
24 7 187
37 17 647
31 12 592
52 48 600
68 20 927
71 46 670
30 13 547
24 1 839
75 73 836
21 18 796
77 28 808
66 19 203
63 30 922
38 14 170
34 12 434
49 27 967
50 48 598
72 13 479
75 29 639
79 22 172
30 25 584
31 25 987
20 6 611
58 53 284
57 39 357
54 13 396
55 40 339
60 34 329
57 50 901
10 9 516
28 23 171
74 7 292
69 27 806
61 37 968
45 4 929
73 12 726
38 17 255
17 13 707
22 15 791
55 20 986
28 10 326
50 43 97
74 64 477
45 40 761
44 24 931
69 43 268
78 73 276
38 15 93
62 12 802
20 18 187
56 13 516
47 16 734
78 65 109
74 42 286
28 15 879
32 3 432
34 22 928
64 36 739
42 20 116
74 6 131
78 70 371
58 35 148
59 51 165
45 37 186
27 14 460
49 20 599
15 6 977
77 7 276
48 2 578
54 52 517
49 28 354
78 40 694
64 8 27
74 11 179
38 31 144
75 34 304
74 48 863
59 52 108
42 6 797
46 3 91
74 2 186
44 29 700
26 8 703
70 59 857
37 5 454
41 36 174
33 27 186
78 14 37
68 61 71
42 4 808
75 63 459
42 34 726
59 16 933
67 19 834
24 5 541
72 58 649
29 18 733
65 50 507
58 56 208
33 25 28
56 45 705
28 14 356
59 34 149
42 18 20
58 46 307
69 45 994
78 48 771
56 44 752
54 40 294
77 34 640
54 5 558
59 4 843
7 5 837
57 23 467
54 10 170
78 8 558
72 70 874
47 46 948
6 5 284
54 42 683
60 4 753
76 30 738
19 8 938
55 13 947
32 18 618
57 43 365
47 29 622
52 2 50
60 50 874
57 4 332
68 57 575
48 21 917
19 11 722
24 4 272
71 57 967
73 4 835
73 40 983
64 63 535
62 38 286
79 63 409
72 43 328
54 9 650
51 10 389
78 36 580
37 24 492
65 63 831
27 19 524
47 13 212
53 52 865
28 1 927
41 13 526
56 4 379
72 39 646
46 17 337
50 23 152
76 66 345
69 39 18
15 13 661
57 35 965
77 25 555
27 7 890
74 56 498
24 12 476
65 5 928
18 3 927
66 18 450
65 2 544
59 35 395
71 27 101
16 6 656
58 54 335
75 16 116
69 49 430
79 26 329
44 30 420
57 45 823
67 12 637
22 9 248
77 16 846
66 2 387
64 53 964
37 1 343
66 58 110
78 19 611
36 28 558
30 26 637
79 34 93
63 31 473
68 27 445
60 41 11
51 49 164
63 52 406
53 49 877
75 41 430
62 13 41
75 22 28
11 6 191
59 42 696
58 26 993
53 36 228
60 18 783
78 7 287
51 26 416
55 2 344
63 28 887
76 2 949
79 37 619
21 2 402
76 62 274
65 41 454
50 18 695
62 52 451
70 68 289
32 16 101
36 30 151
53 29 237
64 58 346
78 5 23
67 52 737
72 34 897
42 28 748
17 4 134
36 1 161
64 32 450
67 4 500
31 21 919
33 5 494
48 29 656
73 72 226
49 46 693
4 3 240
78 60 335
27 15 229
67 65 940
78 2 784
79 55 965
15 2 27
57 41 366
77 14 360
72 64 895
30 5 298
68 52 178
28 21 166
72 66 924
37 29 978
63 6 368
20 13 342
23 2 625
38 11 49
64 45 246
68 5 349
74 68 867
64 19 21
78 44 390
56 2 39
47 21 152
56 49 397
79 20 797
65 19 201
70 20 527
50 22 65
37 26 38
38 21 271
76 52 459
44 19 173
19 16 213
32 17 824
75 8 796
67 58 218
75 9 573
71 26 229
54 50 917
72 42 965
66 32 338
34 27 14
76 40 79
75 59 727
70 33 560
79 52 4
18 10 205
72 23 427
20 8 858
69 9 832
63 3 206
60 39 410
79 31 891
27 10 603
73 3 319
78 21 746
46 22 121
69 2 956
77 61 390
57 32 939
63 61 268
76 33 405
72 3 320
73 55 521
71 61 268
73 26 102
24 2 443
64 39 621
31 13 9
42 26 417
72 14 661
51 3 732
23 9 760
60 27 164
79 42 363
63 38 470
48 44 261
63 51 618
24 15 883
78 62 16
78 6 803
37 33 986
77 39 211
38 24 235
71 39 38
77 6 847
71 28 399
46 39 586
67 3 937
77 30 646
79 36 31
15 10 848
67 64 616
62 58 171
68 49 830
75 1 184
53 13 520
64 43 508
37 20 308
61 28 739
26 5 986
79 59 396
55 36 45
71 44 30
67 46 316
59 17 786
31 20 224
22 7 225
38 36 999
70 1 951
78 74 146
36 8 361
55 31 354
34 20 12
75 49 144
28 20 870
56 15 397
42 38 729
66 17 64
53 41 606
69 41 399

